   0.00    0.00 
   0.81    0.58 
   2.44    1.74 
   5.70    4.06 
   8.95    6.39 
  12.20    8.71 
  15.45   11.04 
  18.70   13.37 
  21.94   15.70 
  25.18   18.03 
  28.42   20.36 
  31.66   22.70 
  34.89   25.04 
  38.12   27.37 
  41.35   29.71 
  44.58   32.06 
  47.81   34.40 
  51.03   36.74 
  54.25   39.09 
  57.47   41.44 
  60.68   43.79 
  63.89   46.14 
  67.10   48.49 
  70.31   50.85 
  73.52   53.21 
  76.72   55.56 
  79.92   57.92 
  80.99   58.71 
  81.70   59.24 
  82.17   59.59 
  82.49   59.82 
  82.70   59.97 
  82.72   59.99 
  82.73   59.99 
  82.73   60.00 
  82.74   60.00 
  82.74   60.00 
  82.74   60.00 
  82.74   60.00 
  82.75   60.01 
  82.75   60.01 
  82.77   60.03 
  82.80   60.05 
  82.87   60.10 
  83.00   60.19 
  83.26   60.39 
  83.79   60.78 
  84.84   61.55 
  86.94   63.11 
  88.34   64.15 
  89.28   64.84 
  91.14   66.22 
  93.01   67.60 
  94.25   68.53 
  95.08   69.14 
  95.63   69.55 
  96.74   70.37 
  97.84   71.19 
 100.05   72.84 
 101.52   73.93 
 102.50   74.66 
 102.72   74.82 
 103.15   75.15 
 103.59   75.47 
 104.46   76.12 
 106.20   77.42 
 107.36   78.29 
 108.14   78.87 
 108.65   79.25 
 109.00   79.51 
 109.68   80.02 
 110.37   80.53 
 111.74   81.56 
 114.49   83.62 
 115.41   84.30 
 116.02   84.76 
 116.15   84.86 
 116.42   85.07 
 116.70   85.27 
 117.24   85.68 
 118.32   86.49 
 119.41   87.30 
 120.49   88.11 
 121.57   88.93 
 122.66   89.74 
 123.02   90.01 
 123.38   90.28 
 124.10   90.82 
 125.54   91.89 
 126.99   92.97 
 128.43   94.04 
 128.91   94.40 
 129.23   94.64 
 129.44   94.80 
 129.58   94.90 
 129.68   94.97 
 129.87   95.11 
 130.06   95.25 
 130.44   95.53 
 131.20   96.09 
 132.72   97.21 
 134.23   98.33 
 135.75   99.44 
 136.26   99.81 
 136.37   99.89 
 136.44   99.94 
 136.59  100.05 
 136.74  100.16 
 137.04  100.38 
 137.64  100.82 
 138.84  101.69 
 140.04  102.56 
 141.23  103.43 
 142.43  104.29 
 142.83  104.58 
 143.10  104.78 
 143.63  105.16 
 144.16  105.55 
 145.22  106.32 
 146.28  107.09 
 147.35  107.86 
 148.41  108.63 
 149.47  109.40 
 149.83  109.65 
 150.06  109.83 
 150.22  109.94 
 150.53  110.17 
 150.85  110.40 
 151.48  110.85 
 152.74  111.77 
 155.25  113.60 
 156.09  114.21 
 156.65  114.61 
 157.02  114.89 
 157.76  115.43 
 158.51  115.97 
 160.00  117.06 
 162.97  119.23 
 163.96  119.96 
 165.95  121.41 
 167.93  122.86 
 169.91  124.31 
 170.57  124.80 
 171.01  125.12 
 171.45  125.44 
 172.33  126.09 
 174.09  127.38 
 175.85  128.67 
 177.60  129.96 
 178.77  130.82 
 179.95  131.68 
 182.29  133.39 
 183.85  134.54 
 184.19  134.79 
 184.42  134.96 
 184.89  135.30 
 185.35  135.64 
 186.27  136.32 
 188.12  137.67 
 189.35  138.58 
 190.17  139.18 
 190.72  139.58 
 191.81  140.38 
 192.91  141.18 
 195.09  142.79 
 196.55  143.86 
 197.52  144.57 
 198.17  145.04 
 198.81  145.52 
 200.11  146.46 
 202.69  148.36 
 203.56  148.99 
 204.13  149.41 
 205.28  150.26 
 206.43  151.10 
 208.72  152.78 
 210.25  153.90 
 211.27  154.64 
 211.95  155.14 
 212.63  155.64 
 213.99  156.63 
 216.71  158.62 
 217.62  159.28 
 219.43  160.60 
 221.23  161.92 
 224.85  164.55 
 225.25  164.85 
 226.06  165.43 
 226.86  166.02 
 228.47  167.18 
 231.68  169.51 
 232.03  169.77 
 232.27  169.94 
 232.75  170.28 
 233.22  170.63 
 234.17  171.32 
 236.07  172.69 
 237.97  174.06 
 238.60  174.51 
 239.03  174.82 
 239.31  175.02 
 239.59  175.22 
 240.15  175.62 
 241.28  176.43 
 242.40  177.23 
 243.52  178.04 
 244.65  178.84 
 245.77  179.64 
 246.02  179.81 
 246.19  179.93 
 246.52  180.17 
 246.85  180.40 
 247.52  180.87 
 248.85  181.82 
 251.51  183.69 
 252.40  184.31 
 252.99  184.72 
 253.38  185.00 
 254.17  185.55 
 255.75  186.64 
 258.90  188.82 
 259.95  189.54 
 260.65  190.02 
 261.35  190.50 
 262.74  191.46 
 265.54  193.36 
 266.47  193.99 
 267.09  194.41 
 267.51  194.69 
 268.34  195.24 
 269.16  195.80 
 270.82  196.90 
 274.13  199.10 
 275.23  199.82 
 277.44  201.27 
 279.64  202.70 
 281.11  203.65 
 282.09  204.28 
 284.04  205.53 
 286.00  206.78 
 289.91  209.24 
 291.22  210.05 
 292.52  210.86 
 295.13  212.46 
 297.73  214.05 
 298.60  214.57 
 299.18  214.92 
 300.34  215.62 
 301.49  216.31 
 303.81  217.68 
 306.12  219.04 
 306.89  219.49 
 308.43  220.38 
 309.97  221.27 
 313.05  223.03 
 316.13  224.77 
 319.21  226.48 
 322.29  228.17 
 325.37  229.84 
 328.44  231.48 
 331.52  233.10 
 334.59  234.69 
 337.66  236.26 
 340.73  237.82 
 343.80  239.35 
 346.87  240.85 
 349.94  242.34 
 353.01  243.81 
 354.03  244.30 
 356.08  245.26 
 358.12  246.22 
 360.17  247.17 
 362.21  248.11 
 364.25  249.04 
 366.30  249.97 
 368.34  250.89 
 370.38  251.80 
 372.42  252.71 
 374.46  253.61 
 376.50  254.50 
 378.54  255.39 
 380.57  256.27 
 382.61  257.15 
 384.64  258.02 
 386.67  258.88 
 388.70  259.74 
 390.72  260.59 
 392.75  261.44 
 394.77  262.29 
 396.78  263.12 
 398.79  263.96 
 400.79  264.78 
 401.46  265.06 
 402.12  265.33 
 403.45  265.87 
 404.77  266.42 
 406.09  266.96 
 407.41  267.49 
 408.72  268.03 
 410.03  268.56 
 411.33  269.09 
 412.62  269.61 
 413.05  269.78 
 413.34  269.90 
 413.53  269.98 
 413.91  270.13 
 414.29  270.28 
 415.05  270.59 
 416.56  271.20 
 418.07  271.80 
 419.56  272.40 
 421.03  272.99 
 422.50  273.58 
 423.95  274.16 
 425.39  274.73 
 425.86  274.92 
 426.18  275.04 
 426.49  275.17 
 427.12  275.42 
 428.37  275.91 
 429.60  276.40 
 430.82  276.88 
 432.03  277.35 
 433.22  277.81 
 434.40  278.27 
 435.56  278.72 
 436.70  279.17 
 437.83  279.60 
 438.20  279.74 
 438.45  279.84 
 438.94  280.03 
 439.43  280.21 
 440.40  280.58 
 441.35  280.94 
 442.29  281.29 
 443.22  281.64 
 444.13  281.98 
 445.03  282.31 
 445.92  282.64 
 446.79  282.96 
 447.65  283.27 
 448.49  283.58 
 450.14  284.16 
 450.68  284.35 
 451.73  284.72 
 452.08  284.84 
 452.31  284.92 
 452.76  285.08 
 453.21  285.23 
 454.10  285.53 
 454.97  285.82 
 455.82  286.10 
 456.66  286.38 
 457.48  286.64 
 458.28  286.89 
 459.06  287.14 
 459.83  287.37 
 460.59  287.60 
 461.33  287.82 
 462.05  288.02 
 462.76  288.22 
 463.46  288.42 
 463.69  288.48 
 464.15  288.60 
 464.60  288.72 
 465.04  288.83 
 465.48  288.94 
 465.92  289.05 
 466.35  289.16 
 466.78  289.26 
 467.20  289.36 
 467.62  289.45 
 468.03  289.54 
 468.44  289.63 
 468.85  289.72 
 469.25  289.80 
 469.65  289.88 
 470.04  289.95 
 470.44  290.03 
 470.83  290.10 
 471.21  290.17 
 471.60  290.23 
 471.98  290.30 
 472.36  290.36 
 472.74  290.41 
 473.11  290.47 
 473.49  290.52 
 473.86  290.57 
 474.23  290.62 
 474.60  290.66 
 474.97  290.70 
 475.34  290.74 
 475.71  290.78 
 476.08  290.82 
 476.44  290.85 
 476.81  290.88 
 477.18  290.91 
 477.55  290.93 
 477.91  290.96 
 478.28  290.98 
 478.65  291.00 
 479.02  291.02 
 479.39  291.03 
 479.76  291.05 
 480.14  291.06 
 480.51  291.07 
 480.64  291.07 
 480.89  291.08 
 481.14  291.08 
 481.39  291.08 
 481.65  291.08 
 481.90  291.09 
 481.99  291.09 
 482.16  291.09 
 482.33  291.09 
 482.50  291.09 
 482.67  291.09 
 482.84  291.08 
 483.02  291.08 
 483.19  291.08 
 483.36  291.08 
 483.54  291.08 
 483.89  291.07 
 484.25  291.06 
 484.60  291.05 
 484.96  291.04 
 485.32  291.03 
 485.69  291.01 
 486.06  291.00 
 486.43  290.98 
 486.81  290.97 
 487.18  290.95 
 487.57  290.93 
 487.95  290.90 
 488.34  290.88 
 488.74  290.86 
 489.13  290.83 
 489.54  290.80 
 489.94  290.78 
 490.35  290.75 
 490.77  290.71 
 491.19  290.68 
 491.61  290.65 
 492.04  290.61 
 492.48  290.58 
 492.92  290.54 
 493.36  290.50 
 493.81  290.46 
 494.27  290.42 
 494.73  290.38 
 495.19  290.34 
 495.67  290.29 
 496.14  290.25 
 496.63  290.20 
 497.12  290.15 
 497.61  290.10 
 498.12  290.05 
 498.63  290.00 
 499.14  289.95 
 499.66  289.90 
 500.19  289.84 
 500.73  289.79 
 501.27  289.73 
 501.82  289.67 
 502.37  289.61 
 502.93  289.55 
 503.50  289.49 
 504.08  289.43 
 504.66  289.37 
 505.25  289.30 
 505.85  289.24 
 506.45  289.17 
 507.07  289.11 
 507.69  289.04 
 508.31  288.97 
 508.95  288.90 
 509.59  288.83 
 510.24  288.76 
 510.89  288.69 
 511.56  288.61 
 512.23  288.54 
 512.91  288.47 
 513.59  288.39 
 514.28  288.32 
 514.99  288.24 
 515.69  288.16 
 516.41  288.09 
 517.13  288.01 
 517.86  287.93 
 518.59  287.85 
 519.34  287.77 
 520.84  287.61 
 522.38  287.44 
 523.94  287.28 
 525.53  287.11 
 527.14  286.94 
 528.77  286.78 
 530.43  286.61 
 532.11  286.43 
 533.81  286.26 
 535.53  286.09 
 537.27  285.92 
 539.03  285.75 
 540.80  285.58 
 542.59  285.40 
 544.39  285.23 
 546.21  285.06 
 546.82  285.00 
 548.04  284.89 
 549.26  284.78 
 550.49  284.67 
 551.73  284.55 
 552.97  284.44 
 554.21  284.33 
 555.46  284.22 
 556.71  284.11 
 557.96  284.00 
 559.22  283.89 
 560.48  283.78 
 561.74  283.67 
 563.00  283.57 
 564.27  283.46 
 565.54  283.35 
 566.81  283.25 
 569.35  283.04 
 571.91  282.83 
 574.47  282.63 
 577.03  282.42 
 579.59  282.22 
 582.16  282.03 
 584.73  281.83 
 587.31  281.64 
 589.88  281.46 
 592.46  281.27 
 595.04  281.09 
 597.62  280.91 
 600.20  280.73 
 602.78  280.55 
 605.36  280.38 
 607.95  280.21 
 610.53  280.04 
 611.39  279.99 
 612.25  279.93 
 613.98  279.82 
 617.42  279.61 
 620.87  279.40 
 624.32  279.19 
 627.77  278.99 
 631.22  278.79 
 634.67  278.59 
 638.13  278.40 
 641.58  278.22 
 645.03  278.03 
 648.49  277.85 
 651.95  277.68 
 655.40  277.51 
 658.86  277.34 
 662.32  277.17 
 665.78  277.01 
 669.24  276.85 
 672.70  276.70 
 676.16  276.55 
 679.62  276.40 
 683.09  276.26 
 686.55  276.12 
 690.02  275.98 
 693.48  275.84 
 696.95  275.71 
 700.42  275.58 
 703.89  275.46 
 707.36  275.33 
 710.83  275.21 
 714.30  275.10 
 715.45  275.06 
 716.22  275.03 
 716.74  275.02 
 717.77  274.98 
 718.80  274.95 
 720.85  274.88 
 724.97  274.76 
 729.09  274.63 
 733.21  274.51 
 737.32  274.39 
 741.45  274.28 
 745.57  274.17 
 749.69  274.07 
 753.81  273.96 
 757.94  273.86 
 762.06  273.77 
 766.19  273.68 
 770.32  273.59 
 774.45  273.50 
 778.58  273.42 
 782.71  273.34 
 786.84  273.26 
 790.97  273.19 
 795.10  273.12 
 799.24  273.05 
 803.37  272.98 
 807.51  272.92 
 811.65  272.86 
 815.79  272.80 
 819.93  272.75 
 824.07  272.69 
 828.21  272.64 
 832.35  272.59 
 836.50  272.55 
 840.64  272.50 
 844.79  272.46 
 848.93  272.42 
 853.08  272.38 
 857.23  272.34 
 861.38  272.31 
 865.53  272.28 
 869.68  272.24 
 873.83  272.21 
 877.98  272.19 
 882.14  272.16 
 886.29  272.14 
 890.45  272.11 
 894.61  272.09 
 898.76  272.07 
 900.15  272.06 
 902.92  272.05 
 905.69  272.04 
 908.47  272.03 
 911.24  272.02 
 914.02  272.01 
 916.79  272.00 
 919.57  271.99 
 922.34  271.98 
 925.12  271.97 
 927.89  271.96 
 930.67  271.96 
 933.45  271.95 
 936.22  271.95 
 939.00  271.94 
 941.78  271.93 
 944.56  271.93 
 947.34  271.93 
 950.12  271.92 
 952.90  271.92 
 955.68  271.92 
 958.46  271.91 
 961.24  271.91 
 964.02  271.91 
 966.80  271.91 
 967.73  271.91 
 969.58  271.91 
 971.44  271.91 
 973.29  271.91 
 975.15  271.91 
 977.00  271.91 
 978.86  271.91 
 980.72  271.91 
 982.57  271.91 
 984.43  271.91 
 986.28  271.91 
 988.14  271.91 
 990.00  271.92 
 991.85  271.92 
 993.71  271.92 
 995.57  271.92 
 997.43  271.92 
 999.28  271.92 
1001.14  271.93 
1003.00  271.93 
1004.86  271.93 
1006.72  271.93 
1008.57  271.94 
1010.43  271.94 
1012.29  271.94 
1014.15  271.95 
1016.01  271.95 
1017.87  271.95 
1019.73  271.96 
1021.59  271.96 
1025.31  271.97 
1029.03  271.98 
1032.75  271.99 
1036.47  271.99 
1040.19  272.00 
1043.92  272.01 
1047.64  272.03 
1051.37  272.04 
1055.09  272.05 
1058.82  272.06 
1062.54  272.07 
1066.27  272.08 
1070.00  272.10 
1073.73  272.11 
1077.46  272.12 
1081.19  272.14 
1084.92  272.15 
1088.65  272.17 
1092.38  272.18 
1096.11  272.20 
1099.85  272.21 
1103.58  272.23 
1107.31  272.25 
1111.05  272.26 
1114.79  272.28 
1118.52  272.30 
1122.26  272.32 
1126.00  272.33 
1129.74  272.35 
1133.48  272.37 
1137.22  272.39 
1140.96  272.41 
1144.70  272.43 
1148.44  272.45 
1152.18  272.47 
1155.92  272.49 
1159.67  272.51 
1163.41  272.53 
1167.16  272.55 
1170.90  272.57 
1174.65  272.59 
1178.40  272.61 
1182.14  272.63 
1185.89  272.65 
1189.64  272.67 
1193.39  272.69 
1197.14  272.72 
1200.89  272.74 
1204.64  272.76 
1208.40  272.78 
1212.15  272.80 
1215.90  272.83 
1219.66  272.85 
1223.41  272.87 
1227.17  272.89 
1230.92  272.92 
1234.68  272.94 
1238.44  272.96 
1242.19  272.98 
1245.95  273.01 
1249.71  273.03 
1253.47  273.05 
1257.23  273.08 
1260.99  273.10 
1264.75  273.12 
1268.52  273.15 
1272.28  273.17 
1276.04  273.20 
1279.81  273.22 
1283.57  273.24 
1287.34  273.27 
1291.10  273.29 
1294.87  273.31 
1298.64  273.34 
1302.40  273.36 
1306.17  273.39 
1309.94  273.41 
1313.71  273.43 
1317.48  273.46 
1321.25  273.48 
1325.03  273.51 
1328.80  273.53 
1332.57  273.55 
1336.34  273.58 
1340.12  273.60 
1343.89  273.63 
1347.67  273.65 
1351.44  273.67 
1355.22  273.70 
1359.00  273.72 
1362.77  273.75 
1366.55  273.77 
1370.33  273.79 
1374.11  273.82 
1377.89  273.84 
1381.67  273.87 
1385.45  273.89 
1389.24  273.91 
1393.02  273.94 
1396.80  273.96 
1400.59  273.99 
1404.37  274.01 
1408.16  274.03 
1411.94  274.06 
1415.73  274.08 
1419.51  274.10 
1423.30  274.13 
1427.09  274.15 
1430.88  274.18 
1434.67  274.20 
1438.46  274.22 
1442.25  274.25 
1446.04  274.27 
1449.83  274.29 
1453.62  274.32 
1457.42  274.34 
1461.21  274.36 
1465.00  274.38 
1468.80  274.41 
1472.59  274.43 
1476.39  274.45 
1480.18  274.48 
1483.98  274.50 
1487.78  274.52 
1491.58  274.54 
1495.38  274.56 
1499.18  274.59 
1502.98  274.61 
1506.78  274.63 
1510.58  274.65 
1514.38  274.67 
1518.18  274.70 
1521.98  274.72 
1525.79  274.74 
1529.59  274.76 
1533.40  274.78 
1537.20  274.80 
1541.01  274.82 
1544.81  274.84 
1548.62  274.86 
1552.43  274.88 
1556.24  274.90 
1560.05  274.92 
1563.85  274.94 
1567.66  274.96 
1571.47  274.98 
1572.75  274.99 
1575.29  275.00 
1577.83  275.01 
1580.37  275.03 
1582.91  275.04 
1585.45  275.05 
1587.99  275.06 
1590.54  275.08 
1593.08  275.09 
1595.62  275.10 
1598.16  275.11 
1600.71  275.12 
1603.25  275.13 
1605.80  275.14 
1608.34  275.16 
1610.88  275.17 
1613.43  275.18 
1615.97  275.19 
1618.52  275.20 
1621.06  275.21 
1623.61  275.22 
1626.16  275.23 
1628.70  275.24 
1631.25  275.25 
1633.80  275.26 
1636.34  275.27 
1638.89  275.28 
1641.44  275.29 
1643.98  275.30 
1646.53  275.30 
1649.08  275.31 
1651.63  275.32 
1654.18  275.33 
1656.73  275.34 
1659.28  275.34 
1661.83  275.35 
1664.38  275.36 
1666.93  275.36 
1669.48  275.37 
1672.03  275.38 
1674.58  275.38 
1677.13  275.39 
1679.68  275.39 
1682.23  275.40 
1684.78  275.40 
1687.34  275.41 
1689.89  275.41 
1692.44  275.42 
1694.99  275.42 
1697.55  275.42 
1700.10  275.43 
1702.65  275.43 
1705.21  275.43 
1707.76  275.43 
1710.32  275.43 
1712.87  275.44 
1715.43  275.44 
1716.28  275.44 
1717.98  275.44 
1719.68  275.44 
1721.39  275.44 
1723.09  275.44 
1724.80  275.43 
1726.50  275.43 
1728.20  275.43 
1729.91  275.43 
1731.61  275.43 
1733.32  275.43 
1735.02  275.43 
1736.73  275.42 
1738.43  275.42 
1740.14  275.42 
1741.84  275.42 
1743.55  275.41 
1745.25  275.41 
1746.96  275.41 
1748.66  275.40 
1750.37  275.40 
1752.08  275.40 
1755.49  275.39 
1758.90  275.38 
1762.31  275.37 
1765.73  275.35 
1769.14  275.34 
1772.55  275.33 
1775.97  275.31 
1779.38  275.30 
1782.80  275.28 
1786.22  275.26 
1789.63  275.24 
1793.05  275.22 
1796.47  275.20 
1799.89  275.17 
1803.30  275.15 
1806.72  275.12 
1810.14  275.09 
1813.56  275.06 
1816.98  275.03 
1820.40  275.00 
1823.83  274.96 
1827.25  274.93 
1830.67  274.89 
1834.09  274.85 
1837.52  274.81 
1840.94  274.77 
1844.37  274.72 
1847.79  274.68 
1851.22  274.63 
1854.64  274.58 
1858.07  274.52 
1861.50  274.47 
1864.92  274.41 
1868.35  274.36 
1871.78  274.29 
1875.21  274.23 
1878.64  274.17 
1882.07  274.10 
1885.50  274.03 
1888.93  273.96 
1892.36  273.88 
1895.79  273.81 
1899.23  273.73 
1902.66  273.64 
1906.09  273.56 
1909.53  273.47 
1912.96  273.38 
1916.40  273.29 
1919.83  273.19 
1923.27  273.09 
1926.71  272.99 
1930.15  272.88 
1933.58  272.78 
1937.02  272.67 
1940.46  272.55 
1943.90  272.43 
1947.34  272.31 
1950.78  272.19 
1954.22  272.06 
1957.67  271.92 
1961.11  271.79 
1964.55  271.65 
1968.00  271.51 
1971.44  271.36 
1974.89  271.21 
1978.33  271.05 
1981.78  270.89 
1985.23  270.73 
1988.67  270.56 
1992.12  270.39 
1995.57  270.21 
1999.02  270.03 
2002.47  269.84 
2005.92  269.65 
2009.37  269.46 
2012.83  269.26 
2016.28  269.05 
2019.73  268.84 
2023.19  268.62 
2026.64  268.40 
2030.10  268.18 
2033.55  267.94 
2037.01  267.71 
2040.47  267.46 
2043.93  267.21 
2047.39  266.96 
2050.85  266.70 
2054.31  266.43 
2057.77  266.15 
2061.23  265.87 
2064.69  265.59 
2068.16  265.30 
2071.62  265.00 
2075.09  264.69 
2078.55  264.38 
2082.02  264.06 
2085.49  263.73 
2088.96  263.39 
2092.43  263.05 
2095.90  262.70 
2099.37  262.35 
2102.84  261.98 
2106.31  261.61 
2109.79  261.23 
2113.26  260.84 
2116.74  260.44 
2120.21  260.04 
2123.69  259.63 
2127.17  259.20 
2130.65  258.77 
2134.13  258.34 
2137.61  257.89 
2141.09  257.43 
2144.57  256.97 
2148.06  256.49 
2151.54  256.01 
2155.03  255.51 
2158.51  255.01 
2162.00  254.50 
2165.49  253.98 
2168.98  253.45 
2172.47  252.90 
2175.96  252.35 
2179.45  251.79 
2182.95  251.22 
2186.44  250.64 
2189.94  250.04 
2193.44  249.44 
2196.93  248.83 
2200.43  248.20 
2203.93  247.57 
2207.44  246.93 
2210.94  246.27 
2214.44  245.60 
2217.95  244.93 
2221.45  244.24 
2224.96  243.54 
2228.47  242.83 
2231.98  242.11 
2235.49  241.38 
2239.00  240.63 
2240.17  240.38 
2242.52  239.88 
2244.86  239.37 
2249.55  238.34 
2254.24  237.29 
2258.93  236.21 
2263.62  235.12 
2268.32  234.01 
2273.02  232.88 
2277.72  231.73 
2282.43  230.56 
2283.99  230.17 
2287.13  229.38 
2290.27  228.57 
2293.41  227.76 
2296.55  226.94 
2299.69  226.12 
2302.84  225.28 
2303.89  225.00 
2305.98  224.44 
2310.18  223.30 
2314.37  222.15 
2318.57  220.99 
2319.97  220.60 
2320.90  220.34 
2322.77  219.81 
2324.64  219.29 
2328.37  218.22 
2332.11  217.15 
2335.85  216.07 
2339.59  214.97 
2343.33  213.87 
2347.08  212.76 
2350.82  211.64 
2354.57  210.51 
2355.82  210.13 
2358.32  209.37 
2360.82  208.61 
2365.82  207.07 
2370.82  205.51 
2372.49  204.99 
2375.83  203.95 
2379.17  202.89 
2382.51  201.84 
2385.85  200.77 
2386.97  200.42 
2387.71  200.18 
2388.21  200.02 
2389.20  199.70 
2390.19  199.38 
2392.17  198.75 
2396.14  197.47 
2400.11  196.18 
2401.43  195.75 
2402.31  195.46 
2402.90  195.27 
2403.29  195.14 
2404.08  194.89 
2404.86  194.63 
2406.43  194.12 
2409.57  193.09 
2412.71  192.06 
2415.85  191.02 
2416.90  190.67 
2418.99  189.98 
2421.09  189.29 
2425.28  187.89 
2429.47  186.49 
2433.67  185.09 
2434.14  184.94 
2434.60  184.78 
2435.53  184.47 
2437.40  183.85 
2439.27  183.22 
2441.13  182.60 
2444.87  181.35 
2448.61  180.10 
2449.02  179.96 
2449.44  179.82 
2450.27  179.54 
2451.93  178.99 
2455.25  177.87 
2458.58  176.76 
2461.90  175.65 
2463.01  175.28 
2463.75  175.03 
2465.23  174.54 
2466.71  174.04 
2469.67  173.05 
2472.63  172.07 
2475.59  171.08 
2478.55  170.09 
2481.52  169.10 
2484.48  168.12 
2487.45  167.13 
2490.41  166.14 
2493.38  165.16 
2496.35  164.17 
2499.32  163.19 
2502.28  162.21 
2505.26  161.22 
2508.23  160.24 
2511.20  159.26 
2514.17  158.28 
2517.15  157.29 
2520.12  156.31 
2523.10  155.33 
2526.08  154.36 
2529.06  153.38 
2532.04  152.40 
2535.02  151.42 
2538.00  150.45 
2538.99  150.12 
2540.98  149.47 
2542.97  148.82 
2546.95  147.52 
2550.93  146.23 
2554.91  144.93 
2558.89  143.64 
2562.88  142.35 
2566.87  141.06 
2568.20  140.63 
2569.08  140.34 
2570.86  139.77 
2572.63  139.20 
2576.18  138.05 
2579.73  136.91 
2583.28  135.77 
2584.46  135.39 
2585.25  135.14 
2585.78  134.97 
2586.30  134.80 
2587.35  134.46 
2589.46  133.79 
2593.67  132.44 
2597.89  131.09 
2599.29  130.64 
2600.23  130.35 
2600.85  130.15 
2601.27  130.01 
2602.10  129.75 
2602.94  129.48 
2604.60  128.95 
2607.93  127.89 
2611.27  126.83 
2614.61  125.78 
2615.72  125.42 
2616.46  125.19 
2616.95  125.03 
2617.94  124.72 
2618.93  124.41 
2620.91  123.78 
2624.87  122.53 
2628.83  121.29 
2632.79  120.04 
2636.75  118.80 
2640.71  117.56 
2644.68  116.32 
2648.64  115.09 
2652.61  113.86 
2656.58  112.63 
2660.55  111.41 
2664.53  110.19 
2664.97  110.05 
2665.85  109.78 
2666.74  109.51 
2668.50  108.97 
2672.04  107.89 
2675.57  106.81 
2679.11  105.74 
2680.29  105.38 
2681.08  105.14 
2681.60  104.98 
2682.12  104.82 
2683.17  104.50 
2685.27  103.87 
2687.37  103.23 
2689.47  102.60 
2691.57  101.96 
2693.66  101.33 
2695.76  100.69 
2697.86  100.06 
2698.10   99.99 
2698.33   99.92 
2698.80   99.78 
2699.73   99.49 
2701.60   98.93 
2705.33   97.80 
2709.07   96.67 
2712.81   95.53 
2714.06   95.15 
2714.33   95.07 
2714.52   95.01 
2714.89   94.90 
2715.26   94.79 
2716.00   94.56 
2717.47   94.11 
2718.95   93.66 
2721.91   92.76 
2724.87   91.85 
2727.82   90.94 
2730.78   90.03 
2731.77   89.72 
2732.76   89.42 
2734.73   88.81 
2736.70   88.20 
2738.68   87.59 
2740.65   86.98 
2742.63   86.36 
2744.60   85.75 
2746.58   85.14 
2746.80   85.07 
2747.24   84.94 
2747.68   84.80 
2748.56   84.53 
2750.31   83.99 
2752.07   83.45 
2753.83   82.91 
2755.59   82.36 
2757.34   81.82 
2760.86   80.74 
2762.03   80.38 
2762.82   80.14 
2763.34   79.98 
2763.86   79.82 
2764.90   79.51 
2766.99   78.87 
2771.16   77.60 
2775.33   76.32 
2779.51   75.06 
2780.90   74.63 
2782.29   74.21 
2785.08   73.37 
2790.65   71.69 
2796.23   70.01 
2801.81   68.34 
2807.39   66.67 
2812.97   65.01 
2818.56   63.35 
2824.15   61.70 
2829.75   60.05 
2829.81   60.03 
2829.86   60.02 
2829.89   60.01 
2829.91   60.00 
2829.92   60.00 
2829.92   60.00 
2829.92   60.00 
2829.92   60.00 
2829.93   60.00 
2829.93   60.00 
2829.93   60.00 
2829.94   59.99 
2829.97   59.99 
2830.01   59.98 
2830.10   59.95 
2830.27   59.90 
2830.61   59.80 
2831.30   59.60 
2832.68   59.19 
2835.44   58.38 
2840.97   56.77 
2846.49   55.15 
2852.02   53.55 
2857.56   51.95 
2863.09   50.35 
2868.63   48.76 
2874.17   47.17 
2879.71   45.59 
2885.26   44.01 
2890.81   42.44 
2896.36   40.88 
2901.91   39.31 
2907.47   37.76 
2913.03   36.20 
2918.59   34.66 
2924.15   33.11 
2929.72   31.58 
2935.29   30.04 
2940.86   28.51 
2946.44   26.99 
2952.02   25.47 
2957.60   23.96 
2963.18   22.45 
2968.77   20.95 
2974.36   19.45 
2979.95   17.96 
2985.54   16.47 
2991.14   14.98 
2996.74   13.50 
3002.34   12.03 
3007.94   10.56 
3013.55    9.10 
3019.16    7.64 
3024.77    6.18 
3030.38    4.74 
3036.00    3.29 
3041.62    1.85 
3047.24    0.42 
3048.88    0.00 
